Run_ID:Iterated:U_J_eps=0.0_Delta_CT=0.25_Filling=0.25_stress=-1.0
eps=0.0 
Delta_CT=0.25 
Filling=0.25 
stress=-1.0 
method='sigmoid' 
beta=1.5 
Itteration_limit=150 
tolerance=0.001 
tol=0.001 
variables=['U', 'J'] 
values_list=[array([0.        , 0.03448276, 0.06896552, 0.10344828, 0.13793103,
       0.17241379, 0.20689655, 0.24137931, 0.27586207, 0.31034483,
       0.34482759, 0.37931034, 0.4137931 , 0.44827586, 0.48275862,
       0.51724138, 0.55172414, 0.5862069 , 0.62068966, 0.65517241,
       0.68965517, 0.72413793, 0.75862069, 0.79310345, 0.82758621,
       0.86206897, 0.89655172, 0.93103448, 0.96551724, 1.        ]), array([0.        , 0.00862069, 0.01724138, 0.02586207, 0.03448276,
       0.04310345, 0.05172414, 0.06034483, 0.06896552, 0.07758621,
       0.0862069 , 0.09482759, 0.10344828, 0.11206897, 0.12068966,
       0.12931034, 0.13793103, 0.14655172, 0.15517241, 0.1637931 ,
       0.17241379, 0.18103448, 0.18965517, 0.19827586, 0.20689655,
       0.21551724, 0.22413793, 0.23275862, 0.24137931, 0.25      ])] 
bw_norm=True 
save_guess_mfps=True 
verbose=True 
n_threads=32 
